279.2278 0.000
279.2278 0.823
279.2278 0.830
279.2278 0.837
280.2312 0.000
280.2312 0.823
280.2312 0.831
281.2435 0.000
281.2435 0.825
281.2435 0.832
281.2435 0.837
282.2468 0.000
282.2468 0.825
282.2468 0.832
283.2591 0.000
283.2591 0.828
283.2591 0.838
284.2627 0.000
284.2627 0.839
297.1213 0.000
298.1294 0.000
298.1294 0.832
298.1294 0.839
298.1294 0.845
299.1327 0.000
299.1327 0.839
303.2275 0.000
303.2275 0.857
303.2275 0.864
303.2275 0.871
303.2275 0.876
304.2311 0.000
304.2311 0.863
305.2431 0.000
305.2431 0.860
305.2431 0.868
305.2431 0.876
306.2464 0.000
307.2586 0.000
308.0749 0.000
308.0749 0.812
309.0824 0.000
309.0824 0.812
309.0824 0.820
311.1246 0.000
311.1246 0.842
311.1246 0.850
311.1706 0.000
312.1322 0.000
312.1322 0.841
312.1322 0.851
313.1395 0.000
313.1395 0.848
313.1395 0.857
314.1428 0.000
314.1428 0.857
315.0926 0.000
315.0926 0.834
315.1557 0.000
315.1557 0.887
327.1192 0.000
327.2275 0.000
327.2275 0.893
327.2275 0.901
327.2275 0.911
327.2275 0.925
328.2308 0.000
329.0218 0.000
329.0218 0.833
329.2421 0.000
344.0262 0.000
344.0262 0.806
346.0494 0.000
346.0494 0.829
391.2189 0.000
391.2189 0.943
392.2219 0.000
392.2219 0.943
409.2291 0.000
409.2291 0.969
415.2181 0.000
415.2181 0.961
417.2337 0.000
417.2337 0.971
418.2369 0.000
418.2369 0.971
419.2496 0.000
419.2496 0.983
420.2530 0.000
420.2530 0.983
430.1653 0.000
430.1653 0.957
433.2283 0.000
433.2283 0.980
434.2598 0.998
435.2439 0.000
435.2439 0.994
437.2596 0.000
437.2596 1.009
439.2180 0.000
439.2180 0.987
445.2648 0.000
452.2707 0.000
452.2707 1.023
453.1874 0.000
453.1874 1.094
454.1943 0.000
460.2750 0.000
460.2750 1.023
462.2909 0.000
462.2909 1.040
465.2959 1.158
467.1906 0.000
467.1906 1.117
468.1950 0.000
478.2858 0.000
478.2858 1.046
480.3015 0.000
480.3015 1.057
480.3015 1.064
481.3049 0.000
481.3049 1.063
488.3061 0.000
488.3061 1.064
496.2650 0.000
496.2650 1.012
498.2808 0.000
498.2808 1.001
499.2837 0.000
499.2837 1.001
500.2710 0.000
504.3005 0.000
504.3005 1.076
506.3163 0.000
506.3163 1.087
508.3322 0.000
508.3322 1.100
512.2602 0.000
512.2602 1.014
512.2602 1.022
513.2628 0.000
513.2628 1.013
514.2756 0.000
514.2756 1.008
514.3002 0.000
514.3002 1.008
514.3002 1.016
515.2789 0.000
515.2789 1.009
515.3027 0.000
515.3027 1.009
516.2769 0.000
516.2769 1.009
517.2773 0.000
517.2773 1.009
530.2704 0.000
531.2903 0.000
531.2903 1.047
536.2576 0.000
536.2576 1.041
545.3068 0.000
545.3068 1.081
552.2309 0.000
552.2309 1.055
553.2344 0.000
553.2344 1.055
554.2292 1.055
559.1710 0.000
572.2354 0.000
581.3001 0.000
581.3001 1.154
581.3001 1.168
582.3035 0.000
583.2468 0.000
583.2468 1.209
597.2944 0.000
597.2944 1.161
599.3103 0.000
599.3103 1.176
600.3138 0.000
600.3138 1.176
601.2681 0.000
601.2681 1.146
613.1651 0.000
613.1651 1.209
615.1604 0.000
615.1604 1.209
616.1633 0.000
616.1633 1.209
616.4612 0.000
616.4612 1.239
617.1662 0.000
617.1662 1.209
617.4646 0.000
617.4646 1.239
618.4699 0.000
618.4699 1.239
619.2785 0.000
619.2785 1.178
621.2929 0.000
621.2929 1.182
630.1474 0.000
630.1474 1.209
631.1535 0.000
631.1535 1.209
637.1418 0.000
637.1418 1.220
638.1445 0.000
638.1445 1.220
642.4764 0.000
642.4764 1.263
643.4796 0.000
643.4796 1.263
644.4913 0.000
644.4913 1.262
644.4913 1.271
645.4394 0.000
645.4394 1.246
647.4555 0.000
647.4555 1.256
648.1576 0.000
648.1576 1.244
648.4586 0.000
648.4586 1.256
653.1154 1.239
661.2702 0.000
661.2702 1.158
671.4550 0.000
671.4550 1.270
672.4588 0.000
672.4588 1.270
673.4704 0.000
673.4704 1.279
674.4740 0.000
674.4740 1.279
675.4804 0.000
675.4804 1.279
677.2439 0.000
677.2439 1.173
685.5177 1.308
687.5342 0.000
687.5342 1.313
688.5376 0.000
688.5376 1.313
689.5421 0.000
689.5421 1.313
690.4967 1.295
695.4544 0.000
695.4544 1.290
696.4583 0.000
696.4583 1.291
697.4703 0.000
697.4703 1.294
698.4743 0.000
698.4743 1.294
699.4859 0.000
699.4859 1.303
700.4892 0.000
700.4892 1.303
700.5541 0.000
700.5541 1.333
701.4996 0.000
701.4996 1.308
701.5536 0.000
701.5536 1.332
702.5023 0.000
702.5023 1.310
703.3971 0.000
703.3971 1.298
706.2554 0.000
706.2554 1.232
714.4967 0.000
714.4967 1.310
715.4997 0.000
715.4997 1.311
715.5651 0.000
715.5651 1.345
716.5118 0.000
716.5118 1.318
716.5678 0.000
716.5678 1.345
717.5155 0.000
717.5155 1.318
718.5280 0.000
718.5280 1.325
719.4543 0.000
719.4543 1.311
719.5313 0.000
719.5313 1.325
720.4577 0.000
720.4577 1.312
720.5336 0.000
720.5336 1.325
721.4696 0.000
721.4696 1.314
722.4732 0.000
722.4732 1.313
722.5019 0.000
722.5019 1.331
723.4860 0.000
723.4860 1.323
724.4890 0.000
724.4890 1.323
724.5533 1.349
725.5004 0.000
725.5004 1.328
726.5022 0.000
726.5022 1.325
726.5697 0.000
726.5697 1.358
727.5123 0.000
727.5123 1.330
727.5727 0.000
727.5727 1.358
728.5130 0.000
728.5130 1.328
728.5822 0.000
728.5822 1.367
729.4124 0.000
729.4124 1.321
731.4276 0.000
738.4967 0.000
738.4967 1.332
739.4996 0.000
739.4996 1.332
740.5111 0.000
740.5111 1.334
741.5149 0.000
741.5149 1.334
742.5274 0.000
742.5274 1.341
742.5602 0.000
742.5602 1.342
743.5309 0.000
743.5309 1.341
743.5951 0.000
743.5951 1.376
744.5423 0.000
744.5423 1.349
744.5971 1.377
745.4715 0.000
745.4715 1.333
745.5466 0.000
745.5466 1.349
746.4730 0.000
746.5003 0.000
746.5003 1.349
746.5529 0.000
746.5529 1.350
746.5529 1.358
747.4877 0.000
747.4877 1.343
747.4877 1.354
747.5100 0.000
747.5100 1.354
747.5588 0.000
747.5588 1.355
748.4863 0.000
748.4863 1.343
748.5086 0.000
748.5086 1.343
748.5086 1.354
749.5020 0.000
749.5020 1.347
750.5002 0.000
750.5002 1.345
750.5315 0.000
750.5315 1.361
751.5322 0.000
751.5322 1.360
752.5133 0.000
752.5133 1.347
752.5836 0.000
752.5836 1.383
754.5268 1.352
756.5422 0.000
756.5422 1.358
758.5569 0.000
758.5569 1.366
760.4807 0.000
762.4956 0.000
762.4956 1.355
763.4994 0.000
763.4994 1.355
764.5102 0.000
764.5102 1.355
765.5146 0.000
765.5146 1.355
766.5273 0.000
766.5273 1.364
767.5302 0.000
767.5302 1.364
768.5407 0.000
768.5407 1.365
769.5459 0.000
769.5459 1.365
769.6104 0.000
769.6104 1.399
770.5582 0.000
770.5582 1.373
771.5043 0.000
771.5043 1.387
771.5612 0.000
771.5612 1.373
771.6265 0.000
771.6265 1.406
772.4542 0.000
772.5121 0.000
772.5121 1.373
772.5711 0.000
772.5711 1.379
772.6292 0.000
772.6292 1.406
773.5197 0.000
773.5197 1.379
773.5197 1.394
773.5754 0.000
773.5754 1.380
773.6335 1.407
774.4709 0.000
774.4709 1.378
774.5264 0.000
774.5264 1.380
775.4739 0.000
775.4739 1.379
775.5348 0.000
775.5348 1.386
776.4829 0.000
776.4829 1.376
776.5442 0.000
776.5442 1.384
778.5627 0.000
780.5408 1.378
785.6419 0.000
785.6419 1.422
786.4863 0.000
786.4863 1.366
786.5156 0.000
786.5156 1.396
788.5110 0.000
788.5110 1.375
789.5148 0.000
789.5148 1.375
790.5262 0.000
790.5262 1.385
791.5303 0.000
791.5303 1.385
792.5387 0.000
792.5387 1.385
793.4879 0.000
793.4879 1.400
793.5439 0.000
793.5439 1.385
794.5571 0.000
794.5571 1.391
794.6085 0.000
794.6085 1.458
795.5053 0.000
795.5053 1.407
795.5604 0.000
795.5604 1.392
795.6233 0.000
795.6233 1.420
795.6233 1.454
796.5063 1.407
796.5715 0.000
796.5715 1.396
796.6266 0.000
796.6266 1.421
797.5758 0.000
797.5758 1.397
797.6413 0.000
797.6413 1.427
798.4697 0.000
798.4697 1.397
798.5852 0.000
798.5852 1.402
798.6448 0.000
798.6448 1.427
799.6546 0.000
799.6546 1.426
799.6546 1.436
800.4851 0.000
800.4851 1.401
800.5580 0.000
800.5580 1.419
800.5580 1.431
800.6599 0.000
800.6599 1.437
801.4876 0.000
801.5607 0.000
801.5607 1.421
802.5000 0.000
802.5000 1.406
802.5000 1.422
802.5666 0.000
803.5039 0.000
806.4856 0.000
806.4856 1.402
807.4885 0.000
807.4885 1.402
808.4954 0.000
808.4954 1.405
810.5152 0.000
810.5152 1.413
811.5192 0.000
811.5192 1.413
812.5256 0.000
812.5256 1.417
814.5201 0.000
814.5201 1.394
816.5397 0.000
816.5397 1.402
817.4894 0.000
817.4894 1.418
817.5426 0.000
817.5426 1.402
818.4438 0.000
818.4924 0.000
818.4924 1.418
818.5558 0.000
818.5558 1.412
819.5046 0.000
819.5046 1.425
819.5593 0.000
819.5593 1.413
820.5066 0.000
820.5066 1.425
820.5659 0.000
820.5659 1.415
824.4795 0.000
826.5615 0.000
826.5615 1.482
827.5652 0.000
827.5652 1.483
828.5698 0.000
831.5519 0.000
831.5519 1.448
832.4979 0.000
832.4979 1.421
833.5046 0.000
833.5046 1.421
834.5146 0.000
834.5146 1.432
835.5193 0.000
835.5193 1.431
836.5248 0.000
836.5248 1.432
837.4178 0.000
837.4178 1.399
838.4214 0.000
838.4214 1.399
839.4295 1.400
848.4711 0.000
848.4711 1.424
849.4748 0.000
855.5539 0.000
855.5539 1.458
855.5539 1.508
855.5771 0.000
855.5771 1.508
856.4970 0.000
856.4970 1.437
856.5608 0.000
856.5608 1.459
856.5608 1.508
857.5048 0.000
857.5048 1.440
857.5638 0.000
857.5638 1.465
857.5638 1.496
858.5082 0.000
858.5082 1.441
858.5681 0.000
858.5681 1.467
859.5187 0.000
859.5187 1.444
859.5759 0.000
860.5233 0.000
860.5233 1.444
860.5942 0.000
860.5942 1.462
861.5348 0.000
861.5348 1.452
862.5389 0.000
862.5389 1.452
863.5460 0.000
863.5460 1.458
865.4887 0.000
865.4887 1.455
866.4908 1.455
872.4709 0.000
872.4709 1.441
873.4735 0.000
879.5483 0.000
879.5483 1.479
881.5046 0.000
881.5046 1.457
881.5591 0.000
881.5591 1.482
881.5591 1.506
882.5619 0.000
882.5619 1.506
883.5197 0.000
883.5197 1.462
883.5743 0.000
883.5743 1.489
883.5743 1.514
884.5238 0.000
884.5238 1.462
884.5773 0.000
884.5773 1.514
885.5355 0.000
885.5355 1.470
885.5802 0.000
885.5802 1.470
886.5395 0.000
886.5395 1.470
886.5823 0.000
886.5823 1.470
887.5469 0.000
887.5469 1.474
888.5525 0.000
888.5525 1.476
889.5576 0.000
889.5576 1.478
890.5631 0.000
890.5631 1.480
905.5582 0.000
905.5582 1.521
907.5729 0.000
907.5729 1.525
909.5345 0.000
909.5345 1.489
909.5862 0.000
909.5862 1.533
910.5687 0.000
910.5687 1.529
911.5530 0.000
911.5530 1.494
912.5768 0.000
912.5768 1.537
913.5738 0.000
918.5344 0.000
920.5481 0.000
1051.5379 0.000
1051.5379 1.470
1052.5407 0.000
1052.5407 1.470
1067.5151 0.000
1067.5151 1.454
1068.5176 0.000
1068.5176 1.454
1069.5167 0.000
1069.5167 1.454
